0,0,0,0,0,0,0,0,0,0,0,0,0,0,0,0,0,0,0,0,0,0,0,0,0,0,0,0,0,0,0,0,0,0,0,0,0,0,0,0,0,0,0,0,0,0,0,0,0,0,0,0,0,0,0,0,0,0,0,0,0,0,0,0,0,0,0,0,0,0,0,0,0,0,0,0,0,0,0,0,0,0,0,0,0,0,0,0,0,0,0,0,0,0,0,0,0,0,0,0,0,0,0,0,0,0,0,0,0,0,0,0,0,0,0,0,0,0,0,0,0,0,0,0,0,0,0,0,0,0,0,0,0,0,0,0,0,0,0,0,0,0,0,0,0,0,0,0,0,0,0,0,0,0,0,0,0,0,0,0,0,0,0,0,0,0,0,0,0,0,0,0,0,0,0,0,0,0,0,0,0,0,0,0,0,0,0,0,0,0,0,0,0,0,0,0,0,0,0,0,0,0,0,0,0,0,0,0,0,0,0,0,0,0,0,0,0,0,0,0,0,0,0,0,0,0,0,0,0,0,0,0,0,0,0,0,0,0,0,0,0,0,0,0,0,0,0,0,0,0,0,0,0,0,0,0
0,0,0,0,0,0,0,0,0,0,0,0,0,0,0,0,0,0,0,0,0,0,0,0,0,0,0,0,0,0,0,0,0,0,0,0,0,0,0,0,0,0,0,0,0,0,0,0,0,0,0,0,0,0,0,0,0,0,0,0,0,0,0,0,0,0,0,0,0,0,0,0,0,0,0,0,0,0,0,0,0,0,0,0,0,0,0,0,0,0,0,0,0,0,0,0,0,0,0,0,0,0,0,0,0,0,0,0,0,0,0,0,0,0,0,0,0,0,0,0,0,0,0,0,0,0,0,0,0,0,0,0,0,0,0,0,0,0,0,0,0,0,0,0,0,0,0,0,0,0,0,0,0,0,0,0,0,0,0,0,0,0,0,0,0,0,0,0,0,0,0,0,0,0,0,0,0,0,0,0,0,0,0,0,0,0,0,0,0,0,0,0,0,0,0,0,0,0,0,0,0,0,0,0,0,0,0,0,0,0,0,0,0,0,0,0,0,0,0,0,0,0,0,0,0,0,0,0,0,0,0,0,0,0,0,0,0,0,0,0,0,0,0,0,0,0,0,0,0,0,0,0,0,0,0,0
0,0,0,0,0,0,0,0,0,0,0,0,0,0,0,0,0,0,0,0,0,0,0,0,0,0,0,0,0,0,0,0,0,0,0,0,0,0,0,0,0,0,0,0,0,0,0,0,0,0,0,0,0,0,0,0,0,0,0,0,0,0,0,0,0,0,0,0,0,0,0,0,0,0,0,0,0,0,0,0,0,0,0,0,0,0,0,0,0,0,0,0,0,0,0,0,0,0,0,0,0,0,0,0,0,0,0,0,0,0,0,0,0,0,0,0,0,0,0,0,0,0,0,0,0,0,0,0,0,0,0,0,0,0,0,0,0,0,0,0,0,0,0,0,0,0,0,0,0,0,0,0,0,0,0,0,0,0,0,0,0,0,0,0,0,0,0,0,0,0,0,0,0,0,0,0,0,0,0,0,0,0,0,0,0,0,0,0,0,0,0,0,0,0,0,0,0,0,0,0,0,0,0,0,0,0,0,0,0,0,0,0,0,0,0,0,0,0,0,0,0,0,0,0,0,0,0,0,0,0,0,0,0,0,0,0,0,0,0,0,0,0,0,0,0,0,0,0,0,0,0,0,0,0,0,0
0,0,0,0,0,0,0,0,0,0,0,0,0,0,0,0,0,0,0,0,0,0,0,0,0,0,0,0,0,0,0,0,0,0,0,0,0,0,0,0,0,0,0,0,0,0,0,0,0,0,0,0,0,0,0,0,0,0,0,0,0,0,0,0,0,0,0,0,0,0,0,0,0,0,0,0,0,0,0,0,0,0,0,0,0,0,0,0,0,0,0,0,0,0,0,0,0,0,0,0,0,0,0,0,0,0,0,0,0,0,0,0,0,0,0,0,0,0,0,0,0,0,0,0,0,0,0,0,0,0,0,0,0,0,0,0,0,0,0,0,0,0,0,0,0,0,0,0,0,0,0,0,0,0,0,0,0,0,0,0,0,0,0,0,0,0,0,0,0,0,0,0,0,0,0,0,0,0,0,0,0,0,0,0,0,0,0,0,0,0,0,0,0,0,0,0,0,0,0,0,0,0,0,0,0,0,0,0,0,0,0,0,0,0,0,0,0,0,0,0,0,0,0,0,0,0,0,0,0,0,0,0,0,0,0,0,0,0,0,0,0,0,0,0,0,0,0,0,0,0,0,0,0,0,0,0
0,0,0,0,0,0,0,0,0,0,0,0,0,0,0,0,0,0,0,0,0,0,0,0,0,0,0,0,0,0,0,0,0,0,0,0,0,0,0,0,0,0,0,0,0,0,0,0,0,0,0,0,0,0,0,0,0,0,0,0,0,0,0,0,0,0,0,0,0,0,0,0,0,0,0,0,0,0,0,0,0,0,0,0,0,0,0,0,0,0,0,0,0,0,0,0,0,0,0,0,0,0,0,0,0,0,0,0,0,0,0,0,0,0,0,0,0,0,0,0,0,0,0,0,0,0,0,0,0,0,0,0,0,0,0,0,0,0,0,0,0,0,0,0,0,0,0,0,0,0,0,0,0,0,0,0,0,0,0,0,0,0,0,0,0,0,0,0,0,0,0,0,0,0,0,0,0,0,0,0,0,0,0,0,0,0,0,0,0,0,0,0,0,0,0,0,0,0,0,0,0,0,0,0,0,0,0,0,0,0,0,0,0,0,0,0,0,0,0,0,0,0,0,0,0,0,0,0,0,0,0,0,0,0,0,0,0,0,0,0,0,0,0,0,0,0,0,0,0,0,0,0,0,0,0,0
0,0,0,0,0,0,0,0,0,0,0,0,0,0,0,0,0,0,0,0,0,0,0,0,0,0,0,0,0,0,0,0,0,0,0,0,0,0,0,0,0,0,0,0,0,0,0,0,0,0,0,0,0,0,0,0,0,0,0,0,0,0,0,0,0,0,0,0,0,0,0,0,0,0,0,0,0,0,0,0,0,0,0,0,0,0,0,0,0,0,0,0,0,0,0,0,0,0,0,0,0,0,0,0,0,0,0,0,0,0,0,0,0,0,0,0,0,0,0,0,0,0,0,0,0,0,0,0,0,0,0,0,0,0,0,0,0,0,0,0,0,0,0,0,0,0,0,0,0,0,0,0,0,0,0,0,0,0,0,0,0,0,0,0,3,4,0,0,0,0,0,0,3,4,0,0,0,0,0,0,0,0,0,0,0,0,0,0,0,0,0,0,0,0,0,0,0,0,0,0,0,0,0,0,0,0,0,0,0,0,0,0,0,0,0,0,0,0,0,0,0,0,0,0,0,0,0,0,0,0,0,0,0,0,0,0,0,0,0,0,0,0,0,0,0,0,0,0,0,0,0,0,0,0,0,0
0,0,0,0,0,0,0,0,0,0,0,0,0,0,0,0,0,0,0,0,0,0,0,0,0,0,0,0,0,0,0,0,0,0,0,0,0,0,0,0,0,0,0,0,0,0,0,0,0,0,0,0,0,0,0,0,0,0,0,0,0,0,0,0,0,0,0,0,0,0,0,87,88,89,90,91,0,0,0,0,0,0,0,0,0,0,0,0,0,0,0,0,0,0,0,0,0,0,0,0,0,0,0,0,0,0,0,0,0,0,0,0,0,0,0,0,0,0,0,0,0,0,0,0,0,0,0,0,0,0,0,0,0,0,0,0,0,0,0,0,0,0,0,0,0,0,0,0,0,0,0,0,0,0,0,0,0,0,0,0,0,0,0,0,27,28,0,0,0,0,0,0,27,28,0,0,0,0,0,0,0,0,0,0,0,0,0,0,0,0,0,0,0,0,0,0,0,0,0,0,0,0,87,88,89,90,91,0,0,0,0,0,0,0,0,0,0,0,0,0,0,0,0,0,0,0,0,0,0,0,0,0,0,0,0,0,0,0,0,0,0,0,0,0,0,0,0,0,0,0,0,0,0,0,0,0
0,0,0,0,0,0,0,0,0,0,0,0,0,0,0,0,0,0,0,0,0,0,0,0,0,0,0,0,0,0,0,0,0,0,0,0,0,0,0,0,0,0,0,0,0,0,0,0,0,0,0,0,0,0,0,0,0,0,0,0,0,0,0,0,0,0,0,0,0,0,0,111,112,113,114,115,0,0,0,0,0,0,0,0,0,0,0,0,0,0,0,0,0,0,0,0,0,0,0,0,0,0,0,0,0,0,0,0,0,0,0,0,0,0,0,0,0,0,0,0,0,0,0,0,0,0,0,0,0,0,0,0,0,0,0,0,0,0,0,0,0,0,0,0,0,0,0,0,0,0,0,0,0,0,0,0,0,0,0,0,0,0,0,0,0,0,0,0,3,4,0,0,0,0,0,0,0,0,0,0,0,0,0,0,0,0,0,0,0,0,0,0,0,0,0,0,0,0,0,0,0,0,111,112,113,114,115,0,0,0,0,0,0,0,0,0,0,0,0,0,0,0,0,0,0,0,0,0,0,0,0,0,0,0,0,0,0,0,0,0,0,0,0,0,0,0,0,0,0,0,0,0,0,0,0,0
0,0,0,0,0,0,0,0,0,0,0,0,0,0,0,0,0,0,0,0,0,0,0,0,0,0,0,0,0,0,0,0,0,0,0,0,0,0,0,0,0,0,0,0,0,0,0,0,0,0,0,0,0,0,0,0,0,0,0,0,0,0,0,0,0,0,0,0,0,0,0,0,0,0,0,0,0,0,0,0,0,0,0,0,0,0,0,0,0,0,0,0,0,0,0,0,0,0,0,0,0,0,0,0,0,0,0,0,0,0,0,0,0,0,0,0,0,0,0,0,0,0,0,0,0,0,0,0,0,0,0,0,0,0,0,0,0,0,0,0,0,0,0,0,0,0,0,0,0,0,0,0,0,0,0,0,0,0,0,0,0,0,0,0,0,0,0,0,27,28,0,0,0,0,0,0,0,0,0,0,0,0,0,0,0,0,0,0,0,0,0,0,0,0,0,0,0,0,0,0,0,0,0,0,0,0,0,0,0,0,0,0,0,0,0,0,0,0,0,0,0,0,0,0,0,0,0,0,0,0,0,0,0,0,0,0,0,0,0,0,0,0,0,0,0,0,0,0,0,0,0,0,0,0,0,0
0,0,0,0,0,0,0,0,0,0,87,88,89,90,91,0,0,0,0,0,0,0,0,0,0,0,0,0,0,0,0,0,0,0,0,0,0,0,0,0,0,0,0,0,0,0,0,0,0,0,0,0,0,0,0,0,0,0,0,0,0,0,0,0,0,0,0,0,0,0,0,0,0,0,0,0,0,0,0,0,0,0,0,0,0,0,0,0,0,0,0,0,0,0,0,0,0,0,0,0,0,0,0,0,0,0,0,0,0,0,0,0,0,0,0,0,0,0,0,0,0,0,0,0,0,0,0,0,0,0,0,0,0,0,0,0,0,0,0,0,0,0,0,0,0,0,0,0,0,0,0,0,0,0,0,0,0,0,0,0,0,0,0,0,0,0,0,0,3,4,0,0,0,0,0,0,0,0,0,0,0,0,0,0,0,0,0,0,0,0,0,0,0,0,0,0,0,0,0,0,0,0,0,0,0,0,0,0,0,0,0,0,0,0,0,0,0,0,0,0,0,0,0,0,0,0,0,0,0,0,0,0,0,0,0,0,0,0,0,0,0,0,0,0,0,0,0,0,0,0,0,0,0,0,0,0
0,0,0,0,0,0,0,0,0,0,111,112,113,114,115,0,0,0,0,0,0,0,0,0,0,0,0,0,0,0,0,0,0,0,0,0,0,0,0,0,0,0,0,0,0,0,0,0,0,0,0,0,0,0,0,0,0,0,0,0,0,0,0,0,0,0,0,0,0,0,0,0,0,0,0,0,0,0,0,0,0,0,0,0,0,0,0,0,0,0,0,0,0,0,0,0,0,0,0,0,0,0,0,0,0,0,0,0,0,0,0,0,0,0,0,0,0,0,0,0,0,0,0,0,0,0,0,0,0,0,0,87,88,89,90,91,0,0,0,0,0,0,0,0,0,0,0,0,0,0,0,0,0,0,0,0,0,0,0,0,0,0,0,0,0,0,0,0,27,28,0,0,0,0,0,0,0,0,0,0,0,0,0,0,0,0,0,0,0,0,0,0,0,0,0,0,0,0,0,0,0,0,0,0,0,0,0,0,0,0,0,0,0,0,0,0,0,0,0,0,0,0,0,0,0,0,0,0,0,0,0,0,0,0,0,0,0,0,0,0,0,87,88,89,90,91,0,0,0,0,0,0,0,0,0,0
0,0,0,0,0,0,0,0,0,0,0,0,0,0,0,0,0,0,0,0,0,0,0,0,0,0,0,0,0,0,0,0,0,0,0,0,0,0,0,0,0,0,0,0,0,0,0,0,0,0,0,0,0,0,0,0,0,0,0,0,0,0,0,0,0,0,0,0,0,0,0,0,0,0,0,0,0,0,0,0,0,0,0,0,0,0,0,0,0,0,0,0,0,0,0,0,0,0,0,0,0,0,0,0,0,0,0,0,0,0,0,0,0,0,0,0,0,0,0,0,0,0,0,0,0,0,0,0,0,0,0,111,112,113,114,115,0,0,0,0,0,0,0,0,0,0,0,0,0,0,0,0,0,0,0,0,0,0,0,0,0,0,0,0,0,0,0,0,0,0,0,0,0,0,0,0,0,0,0,0,0,0,0,0,0,0,0,0,0,0,0,0,0,0,0,0,0,0,0,0,0,0,0,0,0,0,0,0,0,0,0,0,0,0,0,0,0,0,0,0,0,0,0,0,0,0,0,0,0,0,0,0,0,0,0,0,0,0,0,0,0,111,112,113,114,115,0,0,0,0,0,0,0,0,0,0
0,0,0,0,0,0,0,0,0,0,0,0,0,0,0,0,0,0,0,0,0,0,0,0,0,0,0,0,0,0,0,0,0,0,0,0,0,0,0,0,0,0,0,3,4,0,0,0,0,0,0,0,0,0,0,0,0,0,0,0,0,0,0,0,0,0,0,0,0,0,0,0,0,0,0,0,0,0,0,0,0,0,0,0,0,0,0,0,0,0,0,0,0,0,0,0,0,0,0,0,0,0,0,0,0,0,0,0,0,0,0,0,0,0,0,0,0,0,0,0,0,0,0,0,0,0,0,0,0,0,0,0,0,0,0,0,0,0,0,0,0,0,0,0,0,0,0,0,0,0,0,0,0,0,0,0,0,0,0,0,0,0,0,3,4,0,0,0,0,0,0,0,0,3,4,0,0,0,0,0,0,0,0,0,0,0,0,0,0,0,0,0,0,0,0,0,0,0,0,0,0,0,0,0,0,0,0,0,0,0,0,0,0,0,0,0,0,0,0,0,0,0,0,0,0,0,0,0,0,0,0,0,0,0,0,0,0,0,0,0,0,0,0,0,0,0,0,0,0,0,0,0,0,0,0,0
0,0,0,0,0,0,0,0,0,0,0,0,0,0,0,0,0,0,0,0,0,0,0,0,0,0,0,0,0,0,0,0,0,0,0,0,0,0,0,0,0,0,0,27,28,0,0,0,0,0,0,0,0,0,0,0,0,0,0,0,0,0,0,0,0,0,0,0,0,0,0,0,0,0,0,0,0,0,0,0,0,0,0,0,0,0,0,0,0,0,0,0,0,0,0,0,0,0,0,0,0,0,0,0,0,0,0,0,0,0,0,0,0,0,0,0,0,0,0,0,0,0,0,0,0,0,0,0,0,0,0,0,0,0,0,0,0,0,0,0,0,0,0,0,0,0,0,0,0,0,0,0,0,0,0,0,0,0,0,0,0,0,0,27,28,0,0,0,0,0,0,0,0,27,28,0,0,0,0,0,0,0,0,0,0,0,0,0,0,0,0,0,0,0,0,0,0,0,0,0,0,0,0,0,0,0,0,0,0,0,0,0,0,0,0,0,0,0,0,0,0,0,0,0,0,0,0,0,0,0,0,0,0,0,0,0,0,0,0,0,0,0,0,0,0,0,0,0,0,0,0,0,0,0,0,0
0,0,0,0,0,0,0,0,0,0,0,0,0,0,0,0,0,0,0,0,0,0,0,0,0,0,0,0,0,0,0,0,0,0,0,0,0,0,0,0,0,0,0,0,0,0,3,4,0,0,0,0,0,0,0,0,0,0,0,0,0,0,0,0,0,0,0,0,0,0,0,0,0,0,0,0,0,0,0,0,3,4,0,0,3,4,0,0,3,4,0,0,3,4,0,0,0,0,0,0,0,0,0,0,0,0,0,0,0,0,0,0,0,0,0,0,0,0,0,0,0,3,4,3,4,3,4,3,4,3,4,3,4,0,0,0,0,0,0,0,0,0,0,0,0,0,0,0,0,0,0,0,0,0,0,0,0,0,0,0,0,0,0,0,0,3,4,3,4,3,4,3,4,0,0,0,0,0,0,0,0,0,0,0,0,0,0,0,0,0,0,0,0,0,0,0,0,0,0,0,0,0,302,303,304,0,0,0,0,0,0,0,0,0,0,0,0,302,303,304,0,0,0,0,0,0,0,0,0,0,0,0,0,0,0,0,0,0,0,0,0,0,0,0,0,0,0,0,0,0,0,0,0,0,0,0
0,0,0,0,0,0,0,0,0,0,0,0,0,0,0,0,0,0,0,0,0,0,0,0,0,0,0,0,0,0,0,0,0,0,0,0,0,0,0,0,0,0,0,0,0,0,27,28,0,0,0,0,0,0,0,0,0,0,0,0,0,0,0,0,0,0,0,0,0,0,0,0,0,0,0,0,0,0,0,0,27,28,0,0,27,28,0,0,27,28,0,0,27,28,0,0,0,0,0,0,0,0,0,0,0,0,0,0,0,0,0,0,0,0,0,0,0,0,0,0,0,27,28,27,28,27,28,27,28,27,28,27,28,0,0,0,0,0,0,0,0,0,0,0,0,0,0,0,0,0,0,0,0,0,0,0,0,0,0,0,0,0,0,0,0,27,28,27,28,27,28,27,28,0,0,0,0,0,0,0,0,0,0,0,0,0,0,0,0,0,0,0,0,0,168,169,168,169,168,169,168,169,326,327,328,168,169,168,169,168,169,168,169,168,169,168,169,326,327,328,0,0,0,0,0,0,0,0,0,0,0,0,0,0,0,0,0,0,0,0,0,0,0,0,0,0,0,0,0,0,0,0,0,0,0,0
0,0,0,0,0,0,0,0,0,0,0,0,0,0,0,0,0,0,0,0,0,0,0,0,0,0,0,0,0,0,0,0,0,0,0,0,0,0,0,0,0,0,0,0,0,0,0,0,0,3,4,0,0,0,0,0,0,0,0,0,0,0,0,0,0,0,0,0,0,0,0,0,0,0,0,0,0,0,0,0,0,0,0,0,0,0,0,0,0,0,0,0,0,0,0,0,0,0,0,0,0,0,0,0,0,0,0,0,0,0,0,0,0,0,0,0,0,0,0,0,0,329,330,331,329,330,331,329,330,331,329,330,331,0,0,0,0,0,0,0,0,0,0,0,0,0,0,0,0,0,0,0,0,306,307,308,309,310,311,0,0,0,0,0,0,0,0,0,0,0,0,0,0,0,0,0,0,0,0,0,0,0,0,0,0,0,0,0,0,0,0,0,168,169,0,0,0,0,0,0,0,0,377,378,379,145,146,147,145,146,147,145,146,147,145,146,147,377,378,379,0,0,0,0,0,0,0,0,0,0,0,0,0,0,0,0,0,0,0,0,0,0,0,0,0,0,0,0,0,0,0,0,0,0,0,0
0,0,0,0,0,0,0,0,0,0,0,0,0,0,0,0,0,0,0,0,0,0,0,0,0,0,0,0,0,0,0,0,0,0,0,0,0,0,0,0,0,0,0,0,0,0,0,0,0,27,28,0,0,0,0,0,0,0,0,0,0,0,0,0,0,0,0,0,0,0,0,0,0,0,0,0,0,0,0,0,0,0,0,0,0,0,0,0,0,0,0,0,0,0,0,0,0,0,0,0,0,0,0,0,0,0,0,0,0,0,0,0,0,0,0,0,0,0,0,0,0,353,354,355,353,354,355,353,354,355,353,354,355,0,0,0,0,0,0,0,0,0,0,0,0,0,0,0,0,207,208,209,0,258,259,260,261,262,263,0,0,0,0,0,0,0,0,0,0,0,0,0,0,0,0,0,0,0,0,0,0,0,0,0,0,0,0,0,0,0,168,169,0,0,0,0,0,0,0,0,0,0,207,208,209,144,144,144,144,144,144,144,144,144,144,144,144,207,208,209,0,0,0,0,0,0,0,0,0,0,0,0,0,0,0,0,0,0,0,0,0,0,0,0,0,0,0,0,0,0,0,0,0,0,0,0
0,0,0,0,0,0,0,0,0,0,0,0,0,0,0,0,0,0,0,0,0,0,0,0,0,0,0,0,0,0,0,0,0,0,0,0,0,0,0,0,0,0,0,0,0,0,0,0,0,0,0,0,0,0,0,0,0,0,0,0,0,0,0,0,0,0,0,0,0,0,0,0,0,0,0,0,0,0,0,0,0,0,0,0,0,0,0,0,0,0,0,0,0,0,0,0,0,0,0,0,0,0,0,0,0,0,0,0,0,0,0,0,0,0,0,0,0,0,0,0,0,377,378,379,377,378,379,377,378,379,377,378,379,0,0,0,0,0,0,0,0,0,0,0,0,0,0,0,0,231,232,233,0,282,283,284,285,286,287,0,0,0,0,0,0,0,0,0,0,0,0,0,0,0,0,0,0,0,0,0,0,0,0,0,207,208,209,207,208,209,145,146,147,145,146,147,145,146,147,145,146,147,231,232,233,144,144,144,144,144,144,144,144,144,144,144,144,231,232,233,0,0,0,0,0,0,0,0,0,0,0,0,0,0,0,0,0,0,0,0,0,0,0,0,0,0,0,0,0,0,0,0,0,0,0,0
0,0,0,0,0,0,0,0,0,0,0,0,0,0,0,0,0,0,0,0,0,0,0,0,0,0,0,0,0,0,0,0,0,0,0,0,0,0,0,0,0,0,0,0,0,0,0,0,0,0,0,0,0,0,0,0,0,0,0,0,0,0,0,0,0,0,0,0,0,0,0,0,0,0,0,0,0,0,0,0,0,0,0,0,0,0,0,0,0,0,0,0,0,0,0,0,0,0,0,0,0,0,0,0,0,0,0,0,0,0,0,0,0,0,0,0,0,0,240,241,242,243,244,245,246,247,248,249,250,251,252,253,254,255,256,257,0,0,0,0,0,0,0,0,0,207,208,209,0,0,0,0,0,306,307,308,309,310,311,0,0,0,0,0,0,0,0,0,0,0,0,0,0,0,0,0,0,0,0,0,0,0,180,181,231,232,233,231,232,233,144,144,144,144,144,144,144,144,144,144,144,144,207,208,209,144,144,144,144,144,144,144,144,144,144,144,144,207,208,209,0,0,0,0,0,0,0,0,0,0,0,0,0,0,0,0,0,0,0,0,0,0,0,0,0,0,0,0,0,0,0,0,0,0,0,0
0,0,0,0,0,0,0,0,0,0,0,0,0,0,0,0,0,0,0,0,0,0,0,0,0,0,0,0,0,0,0,0,0,0,0,0,0,0,0,0,0,0,0,0,0,0,0,0,0,0,0,0,0,0,0,0,0,0,0,0,0,0,0,0,0,0,0,0,0,0,0,0,0,0,0,0,0,0,0,0,0,0,0,0,0,0,0,0,0,0,0,0,0,0,0,0,0,0,0,0,0,0,0,0,0,0,0,0,0,0,0,0,0,0,168,169,168,169,264,265,266,267,268,269,270,271,272,273,274,275,276,277,278,279,280,281,0,0,0,0,0,0,0,0,0,231,232,233,0,0,0,0,0,258,259,260,261,262,263,0,0,0,0,0,0,0,0,0,0,0,0,0,0,0,0,0,0,0,0,0,0,180,181,144,144,144,144,144,144,144,144,144,144,144,144,144,144,144,144,144,144,144,231,232,233,144,144,144,144,144,144,144,144,144,144,144,144,231,232,233,0,0,0,0,0,0,0,0,0,0,0,0,0,0,0,0,0,0,0,0,0,0,0,0,0,0,0,0,0,0,0,0,0,0,0,0
0,0,0,0,0,0,0,0,0,0,0,0,0,0,0,0,0,0,3,4,3,4,3,4,0,0,0,0,0,0,0,0,0,0,0,0,0,329,330,331,0,0,0,0,0,0,0,0,0,0,0,0,0,0,0,0,0,0,0,0,0,0,0,0,0,0,0,0,0,0,0,0,258,259,260,261,262,263,0,0,0,0,0,0,0,0,0,0,0,0,0,0,0,0,258,259,260,261,262,263,0,0,0,0,0,0,0,0,0,0,0,0,0,0,0,0,0,0,255,256,257,252,253,254,249,250,251,246,247,248,243,244,245,240,241,242,0,0,0,0,0,207,208,209,0,0,0,0,0,0,0,0,0,282,283,284,285,286,287,0,0,0,0,0,0,0,0,0,0,0,0,0,0,0,0,0,0,0,0,0,180,181,144,144,144,144,144,144,144,144,144,144,144,144,144,218,216,217,218,216,217,218,216,217,218,216,217,218,216,217,218,216,217,218,216,217,218,216,217,218,0,0,0,0,0,0,0,0,0,0,0,0,0,0,0,0,0,0,0,0,0,0,0,0,0,0,0,0,472,473,474,476,477,478,478,479
0,0,0,0,0,0,0,0,0,0,0,0,0,0,0,0,0,0,27,28,27,28,27,28,0,0,0,0,0,0,0,0,0,0,0,0,0,353,354,355,0,0,0,0,0,0,0,0,0,0,0,0,0,0,0,0,0,0,0,0,0,0,0,0,0,0,0,0,0,0,0,0,282,283,284,285,286,287,0,0,0,0,0,0,0,0,0,0,0,0,0,0,0,0,282,283,284,285,286,287,0,0,0,0,0,0,168,169,168,169,0,0,0,0,0,0,0,0,279,280,281,276,277,278,273,274,275,270,271,272,267,268,269,264,265,266,0,0,0,0,0,231,232,233,0,0,0,0,0,0,0,0,0,306,307,308,309,310,311,0,0,0,0,0,0,0,0,0,0,0,0,0,0,0,0,0,0,0,0,180,181,144,144,144,144,144,144,144,144,144,144,144,144,144,144,194,0,0,0,0,0,0,0,0,0,0,0,20,21,22,23,0,0,0,0,0,0,0,0,0,0,0,0,0,0,0,0,0,0,0,0,0,0,0,0,0,0,0,0,0,0,0,0,0,0,0,0,0,496,497,498,500,501,502,502,503
0,0,0,0,0,0,0,0,0,0,0,0,0,0,0,0,0,0,0,0,0,0,0,0,0,0,0,0,0,0,380,381,382,383,0,0,0,377,378,379,0,0,0,0,0,0,0,0,0,0,0,0,0,0,0,0,0,0,0,0,0,0,0,0,0,0,0,0,0,0,0,0,306,307,308,309,310,311,0,0,0,0,0,0,0,0,0,0,0,0,0,0,0,0,306,307,308,309,310,311,0,0,0,0,0,0,0,0,0,0,0,0,0,0,0,0,0,0,329,330,331,0,0,0,0,0,0,0,0,0,0,0,0,329,330,331,0,0,0,0,0,0,0,0,0,0,0,0,0,0,0,0,0,258,259,260,261,262,263,0,0,0,0,0,0,0,0,0,0,0,0,0,0,0,0,0,0,0,180,181,144,144,144,144,144,144,218,216,217,218,216,217,218,216,217,218,0,0,0,0,0,0,0,0,0,0,0,44,45,46,47,0,0,0,0,0,0,0,0,0,0,0,0,0,0,0,0,0,0,0,0,0,0,0,0,0,0,0,0,0,0,0,0,0,0,0,0,0,520,521,522,524,525,526,526,527
0,0,0,0,0,0,0,0,0,0,0,78,79,80,81,0,0,0,0,0,0,0,0,0,0,0,0,0,0,0,404,405,406,407,329,330,331,329,330,331,0,0,0,0,0,0,0,78,79,80,81,0,0,0,0,0,0,302,303,304,302,303,304,302,303,304,0,0,0,0,0,0,258,259,260,261,262,263,0,0,0,0,0,0,0,0,0,0,0,0,0,0,0,0,258,259,260,261,262,263,0,0,0,0,0,0,0,0,0,0,0,0,0,0,0,0,0,0,353,354,355,0,0,0,0,0,0,0,0,0,0,0,0,353,354,355,0,0,0,0,0,0,0,0,0,0,0,0,0,0,0,0,0,282,283,284,285,286,287,0,0,0,78,79,80,81,0,0,0,0,0,0,0,0,0,0,0,180,181,144,144,144,144,144,144,144,194,0,0,0,0,0,0,0,78,79,80,81,0,0,0,0,0,0,0,0,258,259,260,261,262,263,0,0,0,0,0,0,0,0,0,0,0,0,0,0,0,0,0,0,0,0,0,0,0,0,0,0,0,78,79,80,81,0,0,0,0,0,544,545,546,547,548,549,550,551
0,0,96,97,98,99,100,101,0,0,0,102,103,104,105,0,0,0,0,0,0,0,0,0,0,0,0,0,0,0,428,429,430,431,353,354,355,353,354,355,0,0,0,0,0,0,0,102,103,104,105,0,0,0,0,0,0,326,327,328,326,327,328,326,327,328,0,0,0,0,0,0,282,283,284,285,286,287,0,0,0,0,0,0,0,0,0,0,0,0,0,0,0,0,282,283,284,285,286,287,0,0,0,0,0,0,0,0,0,0,0,0,0,0,0,0,0,0,353,354,355,0,0,0,0,0,0,0,0,0,0,0,0,353,354,355,0,0,0,0,0,0,0,0,0,0,0,0,0,0,0,0,0,306,307,308,309,310,311,0,0,0,102,103,104,105,0,0,0,0,0,0,0,0,0,0,180,181,144,144,144,144,144,144,144,144,218,0,0,0,0,0,0,0,102,103,104,105,0,0,0,0,0,0,0,0,282,283,284,285,286,287,0,0,0,0,0,0,0,0,0,0,0,0,0,0,0,0,0,0,0,0,0,0,0,0,0,0,0,102,103,104,105,0,0,0,0,0,568,569,570,571,572,573,574,575
0,0,120,121,122,123,124,125,0,0,0,126,127,128,129,0,0,0,0,0,0,0,0,0,0,0,0,0,0,0,452,453,454,455,377,378,379,377,378,379,0,0,0,0,0,0,0,126,127,128,129,0,0,0,0,0,0,350,351,352,350,351,352,350,351,352,0,0,0,0,0,0,306,307,308,309,310,311,0,0,0,0,0,0,0,0,0,0,0,0,0,0,0,0,306,307,308,309,310,311,0,0,0,0,0,0,0,0,0,0,0,0,0,0,0,0,0,0,377,378,379,0,0,0,0,0,0,0,0,0,0,0,0,377,378,379,0,0,0,0,0,0,0,0,0,0,0,0,0,0,0,0,0,258,259,260,261,262,263,0,0,0,126,127,128,129,0,0,0,0,0,0,0,0,0,180,181,194,192,193,194,192,193,194,192,193,194,0,0,0,0,0,0,0,126,127,128,129,0,0,0,0,0,0,0,0,306,307,308,309,310,311,0,0,0,0,0,0,0,0,0,0,0,0,0,0,0,0,0,0,0,0,0,0,0,0,0,0,0,126,127,128,129,0,0,0,0,0,592,593,594,595,596,597,598,599
386,387,388,389,386,387,388,389,386,387,388,389,386,387,388,389,386,387,388,389,386,387,388,389,386,387,388,389,386,387,388,389,386,387,388,389,386,387,388,389,386,387,388,389,386,387,388,389,386,387,388,389,386,387,388,389,386,387,388,389,386,387,388,389,386,387,388,389,386,387,388,389,386,387,388,389,386,387,388,389,386,387,388,389,386,387,388,389,386,387,388,389,386,387,388,389,386,387,388,389,386,387,388,389,386,387,388,389,400,401,402,0,0,0,384,385,386,387,388,389,386,387,388,389,386,387,388,389,386,387,388,389,386,387,388,389,386,391,392,393,0,0,384,385,391,392,393,0,0,0,384,385,386,387,388,389,386,387,388,389,386,387,388,389,386,387,388,389,386,387,388,389,386,387,388,389,386,387,388,389,386,387,388,389,386,387,388,389,386,387,388,389,386,387,388,389,386,387,388,389,386,387,388,389,386,387,388,389,386,387,388,389,386,387,388,389,390,391,392,393,0,0,394,395,396,397,0,0,394,395,396,397,0,0,0,384,385,386,387,388,389,386,387,388,389,386,387,388,389,386,387,388,389,386,387,388
410,411,412,413,410,411,412,413,410,411,412,413,410,411,412,413,410,411,412,413,410,411,412,413,410,411,412,413,410,411,412,413,410,411,412,413,410,411,412,413,410,411,412,413,410,411,412,413,410,411,412,413,410,411,412,413,410,411,412,413,410,411,412,413,410,411,412,413,410,411,412,413,410,411,412,413,410,411,412,413,410,411,412,413,410,411,412,413,410,411,412,413,410,411,412,413,410,411,412,413,410,411,412,413,410,411,412,413,424,425,426,0,0,0,408,409,410,411,412,413,410,411,412,413,410,411,412,413,410,411,412,413,410,411,412,413,410,415,416,417,0,0,408,409,415,416,417,0,0,0,408,409,410,411,412,413,410,411,412,413,410,411,412,413,410,411,412,413,410,411,412,413,410,411,412,413,410,411,412,413,410,411,412,413,410,411,412,413,410,411,412,413,410,411,412,413,410,411,412,413,410,411,412,413,410,411,412,413,410,411,412,413,410,411,412,413,414,415,416,417,0,0,418,419,420,421,0,0,418,419,420,421,0,0,0,408,409,410,411,412,413,410,411,412,413,410,411,412,413,410,411,412,413,410,411,412
434,435,436,437,434,435,436,437,434,435,436,437,434,435,436,437,434,435,436,437,434,435,436,437,434,435,436,437,434,435,436,437,434,435,436,437,434,435,436,437,434,435,436,437,434,435,436,437,434,435,436,437,434,435,436,437,434,435,436,437,434,435,436,437,434,435,436,437,434,435,436,437,434,435,436,437,434,435,436,437,434,435,436,437,434,435,436,437,434,435,436,437,434,435,436,437,434,435,436,437,434,435,436,437,434,435,436,437,448,449,450,790,790,790,432,433,434,435,436,437,434,435,436,437,434,435,436,437,434,435,436,437,434,435,436,437,434,439,440,441,790,790,432,433,439,440,441,790,790,790,432,433,434,435,436,437,434,435,436,437,434,435,436,437,434,435,436,437,434,435,436,437,434,435,436,437,434,435,436,437,434,435,436,437,434,435,436,437,434,435,436,437,434,435,436,437,434,435,436,437,434,435,436,437,434,435,436,437,434,435,436,437,434,435,436,437,438,439,440,441,790,790,442,443,444,445,790,790,442,443,444,445,790,790,790,432,433,434,435,436,437,434,435,436,437,434,435,436,437,434,435,436,437,434,435,436
